# Created by Octave 3.8.1, Wed Jan 06 12:17:41 2016 BRT <paulo@paulo-Dell-System-XPS-L502X>
# name: X
# type: matrix
# rows: 1201
# columns: 1
 1.2
 1.0864130497747
 0.9836931787389985
 0.8908062457339173
 0.8068165208208345
 0.7308773202237393
 0.6622225324737961
 0.6001589509471769
 0.5440593360577631
 0.4933561376689363
 0.4475358148963564
 0.4061336964525106
 0.3687293300937241
 0.3349422746254205
 0.3044282923506835
 0.2768759038549326
 0.2520032706459031
 0.2295553744494004
 0.2723483000785179
 0.3498175540422987
 0.4475625039735462
 0.5442368258224559
 0.6272459255981393
 0.6928841171440764
 0.7416636965647605
 0.7754902041697268
 0.7965314464842352
 0.8068389023802635
 0.8082433794309841
 0.8023424692404727
 0.7905163335515796
 0.7739506114309297
 0.7536596084460788
 0.7305077242801501
 0.7052286501629013
 0.69044168710739
 0.6917470244833183
 0.7114544134994526
 0.747466660860834
 0.7950929357795689
 0.8488697693171866
 0.9039013702045645
 0.9567898200595993
 1.00583246065345
 1.050567424544113
 1.09112038194622
 1.127695940878005
 1.160315428877043
 1.188764771533258
 1.212672263887647
 1.231635176346007
 1.245333814556423
 1.255483832315019
 1.264832787111694
 1.276177066200097
 1.291049088870882
 1.308593204760246
 1.324927450320359
 1.333914905446068
 1.329829923022757
 1.310039957304819
 1.275443140695999
 1.229083999329446
 1.174635737954486
 1.115515955859065
 1.054549234394008
 0.9939196950799839
 0.9352455078515772
 0.8796941353864279
 0.8277719030222835
 0.7793629651591016
 0.7339012571551338
 0.6907151468297767
 0.6494309880955386
 0.6102411688134479
 0.5739065624584783
 0.541601155949492
 0.5148581016672071
 0.495745271868684
 0.487179354641998
 0.4930633288379351
 0.517582931754405
 0.5629528897160184
 0.6265087384820482
 0.7004425606774445
 0.7754143600041854
 0.8443595899586581
 0.9034893032331793
 0.9514300905452656
 0.9881453476984857
 1.014262328270356
 1.03077357842989
 1.038927981122059
 1.040186568513177
 1.036216874022017
 1.028946589510646
 1.02068587010562
 1.014270298022351
 1.01305436190756
 1.020453028547748
 1.038868922927044
 1.068354644439598
 1.105634462497206
 1.144276455575948
 1.176971970676994
 1.198941631030541
 1.209474583022075
 1.210860788709894
 1.206562703283904
 1.199966072070306
 1.193809017366944
 1.189973839498492
 1.189404324250005
 1.192060693202363
 1.196911261545481
 1.201962273727325
 1.204288300451826
 1.200130483630369
 1.185566667959345
 1.158362607931957
 1.119872989045313
 1.074471517174246
 1.027078962805848
 0.9814964843026911
 0.9400935023005417
 0.9040211056939512
 0.8734567597743064
 0.8478149541408738
 0.8259860549137162
 0.8066399765885467
 0.7885702496511094
 0.7710135052411136
 0.7538869387694134
 0.7379486093890858
 0.7249528189802074
 0.7178194368701386
 0.7205463488969672
 0.7372450341367009
 0.7700377466479283
 0.81711572674729
 0.8731469126286405
 0.9319219715879515
 0.9886855680825039
 1.040765498361171
 1.087090851732426
 1.127488615385444
 1.162160191190075
 1.191398329913625
 1.215494412113699
 1.234773419687667
 1.249706465191407
 1.261069215370105
 1.270120454436858
 1.278723828734321
 1.289206284870283
 1.303659969273594
 1.322603641682666
 1.343527639211278
 1.360612692442518
 1.36690067267132
 1.357873142864342
 1.333196915352907
 1.295636777977678
 1.249078447299877
 1.197214909295704
 1.143039617616773
 1.088781854120126
 1.035993575759716
 0.9856449527192509
 0.9381742466154263
 0.893494938020838
 0.8510335816260058
 0.8099376115781761
 0.7695266502779343
 0.7297914522205099
 0.6915646719518637
 0.6562803302918735
 0.6256834650421174
 0.6018058750255619
 0.5871638548805921
 0.5849037481848184
 0.5984765841283697
 0.6303991873295521
 0.6803085653531373
 0.7438684786911859
 0.8140565006376334
 0.883880871545015
 0.9482416506042443
 1.004192441952799
 1.05035930857734
 1.086329881728942
 1.112321283568191
 1.129058774954154
 1.137703791103521
 1.13977609908072
 1.137110484291839
 1.131881103419051
 1.126667742811249
 1.124459156145481
 1.128407333692719
 1.141170067802309
 1.163898365055743
 1.195131017951765
 1.230052220077622
 1.261255469071242
 1.28185134307287
 1.288769088983823
 1.28321719744694
 1.268806545417769
 1.249621818605857
 1.229200485463618
 1.210192829706771
 1.194289534309093
 1.182183044608318
 1.173502257775069
 1.166762305092012
 1.159414666845856
 1.14811816721922
 1.12945843375477
 1.101321514798002
 1.064327449128212
 1.0217980129936
 0.9780816761899727
 0.9370095652519488
 0.9014013887091505
 0.8731254609347818
 0.8531791018907389
 0.8416761576105589
 0.8378602989581605
 0.8402820700919003
 0.8471702808594765
 0.8569153227210567
 0.8685512396257141
 0.8821530543465463
 0.8990711200610911
 0.9218070719696845
 0.9530852504130753
 0.9938843247678347
 1.04178338351051
 1.091831223645806
 1.139255931242167
 1.18126107988169
 1.217110474817886
 1.247420494336936
 1.273423699889747
 1.296438971297904
 1.317559050680242
 1.337524768074123
 1.356745606450097
 1.375410591170286
 1.393618384812352
 1.411436835795247
 1.428745384423828
 1.444624196814301
 1.456279781221175
 1.458696746317866
 1.446915665529316
 1.419447149550286
 1.378726799400072
 1.328865846839798
 1.273683361359075
 1.215998537605325
 1.157670889777868
 1.099866579037214
 1.043316234222044
 0.9884951127069328
 0.9357245144414872
 0.8852191195782034
 0.8371126547454455
 0.7914969565348985
 0.748511416631255
 0.7084963461070458
 0.6721479701421136
 0.6405895898649853
 0.6154157323723144
 0.5988316331364971
 0.5938255295411615
 0.6040492297365827
 0.6328782677608793
 0.6813828837247365
 0.746284678439602
 0.8201819175959919
 0.8944787049061155
 0.9624100151944279
 1.02011204119987
 1.066129737791354
 1.100508180718957
 1.124080499617548
 1.138065226488081
 1.143896170129316
 1.143180043175077
 1.137718587269731
 1.129581547625996
 1.121218242671311
 1.115540441872538
 1.115814513631512
 1.12514876714212
 1.145520979959335
 1.176599457483858
 1.214790386733999
 1.253443057083268
 1.285382455244271
 1.306400528892136
 1.316425509866498
 1.318104295341387
 1.314950147657403
 1.310217972796163
 1.306427133569593
 1.305190432110155
 1.307151200682753
 1.311976820677586
 1.31841179205725
 1.324354097222592
 1.326871723680566
 1.322248138673571
 1.306662760235019
 1.278137908765539
 1.238401502235047
 1.192066264841565
 1.144043064876502
 1.097971355901525
 1.056007202269766
 1.019082403712821
 0.9871805225249121
 0.9595866898442137
 0.9351662129863482
 0.9126883413484341
 0.8911523595169004
 0.870047494616751
 0.8495115303918905
 0.8304325759900133
 0.8145911244781778
 0.8048572787316032
 0.805164533009156
 0.8196468765569586
 0.8506416765314062
 0.8967017324284293
 0.9527498344033274
 1.01253490314824
 1.071021766050374
 1.125179272114847
 1.173602575066033
 1.215846856578499
 1.251911821706191
 1.28196149238748
 1.306233388126942
 1.32506828425339
 1.339005900703209
 1.348919440678998
 1.356174985085206
 1.362754145866998
 1.371154982771192
 1.38380088488849
 1.401852134586628
 1.423776500190038
 1.444619985777378
 1.457290280198603
 1.455898436880204
 1.438483252940125
 1.406879136518877
 1.364819119997751
 1.316258557705516
 1.264561590593366
 1.21229265514128
 1.161262960658359
 1.112625962710516
 1.066931206251704
 1.024122170430098
 0.9835481002109637
 0.9441460781790219
 0.9049135220541962
 0.8655195708466118
 0.8266292704664615
 0.7897053196732677
 0.7565963408516913
 0.7293568409901156
 0.7103679981799653
 0.7025155831765614
 0.709053996916406
 0.7327476836313872
 0.7742611786339395
 0.8308229561830285
 0.8966725824283878
 0.9651999532018187
 1.030956817920736
 1.09035369430846
 1.141351162215775
 1.182919915337492
 1.214716508815431
 1.236995640707544
 1.250577426527138
 1.256764284102807
 1.257249056473577
 1.254081000543675
 1.249692530278615
 1.246910195163333
 1.248796879192472
 1.258159766260486
 1.276702518293566
 1.30399014750809
 1.336509822850427
 1.367630403328436
 1.389756783844939
 1.398006530540257
 1.392096631178401
 1.375146063270085
 1.351448096143457
 1.324992224613969
 1.298897377854633
 1.275301948403467
 1.25535800497996
 1.239190190232807
 1.225828822931577
 1.213215096585507
 1.198422969122472
 1.178274848044899
 1.150476964259129
 1.114917559663681
 1.074018822802342
 1.031605893031179
 0.9914520303196346
 0.9566157182950499
 0.929402592819797
 0.9114051095737938
 0.9033970188185226
 0.9051745015854306
 0.9155618123846376
 0.9327144934883058
 0.9546514037345983
 0.9798261815059556
 1.007575437663874
 1.03832302686472
 1.073345878886588
 1.113807310468265
 1.159190724821799
 1.20651176446875
 1.251608137241709
 1.291255395093759
 1.32414232687735
 1.350623474217193
 1.37206866001833
 1.390268196324577
 1.40697781392822
 1.423593513595595
 1.440962003418502
 1.459332481168639
 1.478418686042305
 1.497483239728991
 1.515295808209313
 1.529803124709225
 1.537593142037769
 1.53405996852123
 1.515533797044729
 1.481937107457938
 1.436641333403951
 1.384127100819028
 1.328197062673634
 1.271436675201957
 1.215335761426235
 1.160597262863406
 1.107452452308002
 1.055925563277991
 1.006020165225066
 0.9578166494835032
 0.9114980477451531
 0.8673475892502203
 0.8257696254115248
 0.7873687822652904
 0.7530779308145977
 0.7242894011049542
 0.7029860484215642
 0.6918824814409055
 0.6943982203193573
 0.714034252016615
 0.7528114889132136
 0.8093284145795767
 0.8781468903429923
 0.9515308869643417
 1.022187275394223
 1.084994589983311
 1.137241295798646
 1.17806061097275
 1.207742171929159
 1.227216454918661
 1.237756509190406
 1.240851348372717
 1.238190450836909
 1.231715731302543
 1.223716512111738
 1.216919875782171
 1.214454567932695
 1.219505756684099
 1.234562749740032
 1.260389917538003
 1.294965617180849
 1.332907416512791
 1.366737163688104
 1.390372087721687
 1.401863593100495
 1.403001432212874
 1.397298031775402
 1.388400361754187
 1.379346275878367
 1.372305634968798
 1.368487861036571
 1.368091182489166
 1.370290710339705
 1.373284864886949
 1.374372462063353
 1.370067071471133
 1.356574739808416
 1.331241263277442
 1.294517550477465
 1.250165662483158
 1.203125411893347
 1.157519911847368
 1.116064962571676
 1.080212320404988
 1.050385468473707
 1.026169588324897
 1.006521151688044
 0.9900567576638992
 0.9754108290525887
 0.9615955774130629
 0.94829021138252
 0.9360395665384404
 0.9264170666591273
 0.9221861904797986
 0.9272311656508854
 0.9456103132004512
 0.9793727764854894
 1.026546203422431
 1.0816757339312
 1.138636619183383
 1.192946769394573
 1.24227377693066
 1.285864121714017
 1.323805954012209
 1.35650001590328
 1.384378555257719
 1.407813458478905
 1.427149856368422
 1.44281785589818
 1.455492165990654
 1.46627199518245
 1.476800320125212
 1.489095421013837
 1.50475409155973
 1.523464315510828
 1.541630205455453
 1.552808013920164
 1.550779726547309
 1.53284196233804
 1.500259791499521
 1.456476191129195
 1.40532293870846
 1.350121013663817
 1.293441961937978
 1.237153307033227
 1.182532510155162
 1.130362035858068
 1.080979871566202
 1.034299344414036
 0.9898673266408996
 0.9470769481356438
 0.905567464917306
 0.8655986971334357
 0.8281059051518523
 0.7944798286441066
 0.7664187251804779
 0.7460333703291986
 0.7360819065270856
 0.7400187461126821
 0.7613594416070016
 0.8019551424851279
 0.8598646528475312
 0.9289609586357312
 1.001274775442602
 1.069976832477493
 1.130730438383105
 1.181436895598796
 1.221448668675964
 1.250946515950489
 1.270627251866826
 1.281578059589163
 1.285204506077809
 1.283185015158499
 1.277480900161036
 1.270409833968109
 1.264731361871232
 1.263602648699663
 1.27018627442726
 1.286790780521089
 1.313723853747511
 1.348228891534398
 1.384219156923888
 1.414105485762496
 1.43240320043992
 1.437933499169772
 1.433008224021482
 1.421395012940911
 1.40683475568901
 1.392378146337055
 1.380176951934369
 1.371418134660097
 1.366270378537146
 1.363836946754855
 1.362154819483989
 1.358279075905786
 1.348566320540995
 1.329518107445257
 1.299452714711915
 1.25993779678143
 1.215130277272128
 1.16964161315568
 1.127122576333322
 1.089996998103654
 1.059615047984717
 1.036390674107651
 1.019894150210399
 1.009003620838534
 1.002183957040677
 0.9978747514535916
 0.9949125162650665
 0.9929108681259586
 0.9925604421457132
 0.9958360992649096
 1.00598094143354
 1.026778311153991
 1.060582680197477
 1.106077773523972
 1.158326064061521
 1.211458943739631
 1.261201235593775
 1.305530335687501
 1.344109144913976
 1.377488595550072
 1.406509515945819
 1.431963363047479
 1.454459675343201
 1.474434229181373
 1.492242860989603
 1.50830237757518
 1.523243971336017
 1.53799705186489
 1.553575267175148
 1.57019415954985
 1.585748951299484
 1.59507318507052
 1.592030749614399
 1.573297162378821
 1.539740862628683
 1.494749686696634
 1.442161940666454
 1.385227534942882
 1.32638794549999
 1.267384784981563
 1.209427111053146
 1.153325628490292
 1.099578845795251
 1.048421257070497
 0.9998574189926814
 0.9537301187632971
 0.9098875721229442
 0.8684442632161524
 0.8299764591421689
 0.7955159979073773
 0.766476128256887
 0.7447272931000583
 0.7328238394618408
 0.7341478223512746
 0.7525012918432228
 0.7905682579121168
 0.8474700375019555
 0.9175027909231046
 0.9920656989771888
 1.063222859622047
 1.125796269457966
 1.177364221978902
 1.217362378417436
 1.246242667701985
 1.264973111022203
 1.274817734583026
 1.277257389208867
 1.273969746168243
 1.266860814140352
 1.258155232859619
 1.250514067254442
 1.247064888058932
 1.25112324413807
 1.26541173077016
 1.290890894384833
 1.32561047227411
 1.364211874985421
 1.399297734277283
 1.424839067695373
 1.438768337173054
 1.442639671787061
 1.439757560133463
 1.433641906843076
 1.427261097690105
 1.422742681522288
 1.421272105576426
 1.423053189023183
 1.427314065154382
 1.432358805606528
 1.435615489616596
 1.433663210863299
 1.422566156834234
 1.3992537645657
 1.363704156531851
 1.319477056793848
 1.271596595489225
 1.224354620733654
 1.180587472149428
 1.141799616321388
 1.108432543912619
 1.080097953161776
 1.055817515341192
 1.034317295667427
 1.01436547366441
 0.9950930907559885
 0.9762348420838982
 0.9582818168077848
 0.9426149724113062
 0.9316861651340413
 0.9291093164592723
 0.9391355459771584
 0.9649536718649362
 1.006415800361769
 1.05933899294387
 1.117501478685909
 1.175383166759069
 1.229467209754169
 1.278079362191901
 1.320705912889385
 1.357389544630125
 1.388363732879027
 1.413900004157285
 1.434302833247451
 1.449993873387659
 1.461647548160583
 1.470357975518277
 1.47779515573296
 1.486203978901152
 1.497968776194511
 1.514531125109841
 1.534889886281608
 1.554613925933344
 1.566808797181949
 1.565362210077275
 1.547912394341547
 1.515987529302195
 1.473175038360324
 1.423393081899244
 1.37002213686304
 1.31566765014026
 1.262197544537867
 1.210843321856341
 1.162271855563509
 1.11660352398874
 1.073419030209237
 1.031879657652409
 0.9910955111140399
 0.9506739117721634
 0.9110897101240225
 0.8735935363511785
 0.8398625604271099
 0.8118196557437978
 0.7917447342155142
 0.7824809867881465
 0.7873816731184303
 0.8095417271167905
 0.8501249489061067
 0.9066988712206003
 0.9733646594197316
 1.042990917674205
 1.109594152360431
 1.169283420799911
 1.219978444926151
 1.260780021271067
 1.29153120235065
 1.312642435317882
 1.32502377413658
 1.330006771052617
 1.329270021375998
 1.32482149320384
 1.319044024103686
 1.314738075965238
 1.31501181215894
 1.3228292409907
 1.340157077579817
 1.366885983968165
 1.399833674600732
 1.432586810081834
 1.457501996766943
 1.469377882526403
 1.467519931867362
 1.454718003974933
 1.43508080978195
 1.412534986003729
 1.390209090131337
 1.370282292102476
 1.353954580654676
 1.341397050235315
 1.331682969604761
 1.322776797386632
 1.31169415007566
 1.295004605445731
 1.269910518129614
 1.235746320552232
 1.194709257204244
 1.150813508821002
 1.108153222098205
 1.069986842535182
 1.038636241432771
 1.015577947849352
 1.00143589536585
 0.995924138419467
 0.9979065784269716
 1.005677799635976
 1.01742558465598
 1.031748499004731
 1.048113601061005
 1.067168957104353
 1.090765539615103
 1.121342237314425
 1.160313456992295
 1.206209665090235
 1.254734565830351
 1.301106774156735
 1.342190786454169
 1.376954601461918
 1.405894156855212
 1.430289242425113
 1.451621044002464
 1.471190930342355
 1.489922440310773
 1.508323391987539
 1.526566544551015
 1.544618684977636
 1.562318233215005
 1.579257415763171
 1.59427005667414
 1.604514690653369
 1.60516744786881
 1.591517774381371
 1.562261216830329
 1.519987243994017
 1.468926049046953
 1.412948102745831
 1.354850333834383
 1.296409755977968
 1.238672265510907
 1.182239271578682
 1.127477200820283
 1.074639874475461
 1.02392330359907
 0.9754868287988206
 0.9294790325008343
 0.8861056496872908
 0.845758358138923
 0.8091643138130784
 0.7774816352659146
 0.7523696619052045
 0.7361304192148479
 0.7318467324873108
 0.7431733938862113
 0.773270653431537
 0.8227540570581586
 0.8879002364210933
 0.9612003851204332
 1.034291289613841
 1.100720699724673
 1.156842071301746
 1.201308885777403
 1.234212772728031
 1.25640940714808
 1.269132341695004
 1.273827636319307
 1.272116146307471
 1.265823012516812
 1.257056746303296
 1.248319242216767
 1.242569665550574
 1.243073873331196
 1.252843686042559
 1.273651691389996
 1.304877398688082
 1.342604366122853
 1.379978033808803
 1.409940107111699
 1.42866367338934
 1.436444078671101
 1.436125032035651
 1.431269271028228
 1.425103875903319
 1.420089519653635
 1.417768125865888
 1.418703982384271
 1.42247701284406
 1.42773504996722
 1.432268267202627
 1.433032399275398
 1.426251359711629
 1.408240107598457
 1.377433191733455
 1.336001532692542
 1.288704955324127
 1.240340084866796
 1.194369013079492
 1.152803248195617
 1.116470115019416
 1.085273862798068
 1.058435809852892
 1.034772408995936
 1.013023685898883
 0.9921846289890288
 0.9717692730283598
 0.9519747490604336
 0.9337937105882819
 0.9191686366131409
 0.9111745212350162
 0.9138864865949441
 0.9312838229301862
 0.9650736813829677
 1.012948128361934
 1.069326446691161
 1.128063727085641
 1.184577259342436
 1.236303514435749
 1.282177485703347
 1.321961687539835
 1.355769617467733
 1.383823540076184
 1.406390405069171
 1.423829490043618
 1.436702125367951
 1.445918966784258
 1.452905338646882
 1.459702291970005
 1.46878592353259
 1.482328036382114
 1.500865885752565
 1.521906560361486
 1.539642761627241
 1.547005334801641
 1.539204016054881
 1.515636288477167
 1.478949311928391
 1.433055530541272
 1.381739897952108
 1.328091514265275
 1.274411615036061
 1.222293011306874
 1.17271284221172
 1.126075698169075
 1.082211336083486
 1.040414093952029
 0.9996805106373798
 0.9592156938465024
 0.9189794429356155
 0.8798610489523229
 0.8433975537091205
 0.8114302411234193
 0.78604525894277
 0.7697543270297448
 0.765632066876214
 0.7770057556870937
 0.8063000976078325
 0.8532479054209354
 0.9138744071843579
 0.9816249134098771
 1.049830509762261
 1.113471936371265
 1.169496560094777
 1.216323196173888
 1.253296145516964
 1.280403385467907
 1.298192856416309
 1.307714322715171
 1.310430908911592
 1.308153872789197
 1.303044786715231
 1.297662869353702
 1.294955987385724
 1.298020394616759
 1.309479012461813
 1.330523059784341
 1.359839745089291
 1.392824989447091
 1.422164751367154
 1.44077305389679
 1.445242944695491
 1.436601734865609
 1.418496819465388
 1.39515119117637
 1.370244903668641
 1.346547469424487
 1.325856252414893
 1.308973943555479
 1.295647283142671
 1.284508678672603
 1.273125671839105
 1.258301267896314
 1.236824141682654
 1.206775144989567
 1.168792417495264
 1.125999713652049
 1.08250291658263
 1.042000037025606
 1.007324597112336
 0.9804861503798592
 0.9627041038897799
 0.9543207159900179
 0.9547307091036827
 0.9625077546820711
 0.9757832427843223
 0.9927745644335855
 1.012308334771238
 1.03422322909991
 1.0595405684776
 1.090164800935138
 1.127741699282849
 1.171849876731978
 1.219194905165019
 1.265179404723276
 1.306245478864573
 1.340873491536672
 1.369272742322885
 1.392670575123949
 1.412682855231238
 1.430859487634027
 1.448396671080014
 1.466008570309261
 1.483941603120812
 1.502080272607804
 1.520049130625942
 1.537167572832413
 1.552077198550371
 1.562003739843703
 1.562414587346783
 1.548722646548605
 1.519451148879641
 1.477063029357832
 1.425855763452129
 1.369840668222431
 1.311915846690137
 1.25387921984007
 1.196719447485013
 1.140928753091699
 1.086752378178478
 1.034350318871741
 0.9838763204698978
 0.9355019877650463
 0.8894275142645653
 0.8459218560550732
 0.8054207614277529
 0.7686664710275017
 0.7368276946756063
 0.7115955526259076
 0.6953227073678832
 0.6911329466550155
 0.7026573774771692
 0.7329131296139417
 0.7822980756717948
 0.8469880709390568
 0.9196146811273378
 0.9920594429396266
 1.058019701998253
 1.113861851920235
 1.158183021780961
 1.191013354956434
 1.213167979805259
 1.225860014025214
 1.230525936970421
 1.228783468486072
 1.22246281220861
 1.213687604519351
 1.204981554038866
 1.199318848599465
 1.199950325403709
 1.209827750619576
 1.230635148475017
 1.261666091982478
 1.298929991182542
 1.335515198575872
 1.364358146599339
 1.381702570034977
 1.387954591246579
 1.386054526884668
 1.379626156207732
 1.371929755288733
 1.365445540439953
 1.361729128950553
 1.361351186180386
 1.363882012214412
 1.367933841464441
 1.371233977601483
 1.370669999466932
 1.362453838844822
 1.343026533804475
 1.311075021360663
 1.268973052048562
 1.221507473158179
 1.173394954557663
 1.128015441551955
 1.087332995368013
 1.052154172318482
 1.022368958364002
 0.997173690516714
 0.9753411558324332
 0.9555522732883178
 0.9367410900552304
 0.9183798627005564
 0.9006664334208883
 0.8846564334182165
 0.8724255540735526
 0.8672232170277725
 0.8732161045361173
 0.8941506235561707
 0.9310368859713438
 0.9807370625465157
 1.037296747861601
 1.094803973132904
 1.149198579362323
 1.19841838034737
 1.241762909356245
 1.279226957133967
 1.311060963732293
 1.337561491101807
 1.359029284848819
 1.375832903061603
 1.388533450865504
 1.398046249803038
 1.40581072559752
 1.413860811618255
 1.424540802459428
 1.439585542523823
 1.4586400996529
 1.478015065037134
 1.49114601216647
 1.491527534812331
 1.476021138577592
 1.445554990137345
 1.403477280251697
 1.35371069006235
 1.299738948512296
 1.24429061201705
 1.189349941221738
 1.136258532208707
 1.085801076784109
 1.038240227833493
 0.9933227309511925
 0.9503556144221672
 0.9084933383695128
 0.8672391539977726
 0.8268710180713787
 0.7884583287596171
 0.7535566134041434
 0.7239910410856484
 0.7019279652668018
 0.690093024373805
 0.691811966392133
 0.7104150922024031
 0.7476721308963435
 0.8018995421232443
 0.8675867780563111
 0.9374082079823173
 1.004875145072694
 1.065640684948544
 1.117367225997831
 1.159066446666752
 1.190569138028412
 1.212279496320901
 1.22508369312784
 1.2302750179069
 1.229482276737439
 1.224648845068756
 1.218078237541107
 1.212495985174208
 1.210992903056051
 1.216651612099251
 1.231748792021177
 1.256676752802664
 1.288885725699427
 1.322483131934785
 1.349803063522003
 1.36498006994167
 1.366498380180545
 1.356625360543722
 1.339299637783075
 1.318487297217056
 1.297440870417695
 1.278488267218531
 1.262987047233209
 1.251276686528426
 1.242610849236039
 1.235130907948908
 1.225972927318787
 1.211654533299205


