10783.01 0
10800.30 10783.01
10829.19 10800.30
10854.54 10829.19
10776.13 10854.54
10827.12 10776.13
10815.89 10827.12
10759.43 10815.89
10661.60 10759.43
10649.92 10661.60
10705.64 10649.92
10691.45 10705.64
10676.45 10691.45
10638.32 10676.45
10543.22 10638.32
10552.82 10543.22
10494.23 10552.82
10440.58 10494.23
10547.06 10440.58
10592.21 10547.06
10585.12 10592.21
10590.22 10585.12
10428.02 10590.22
10475.90 10428.02
10522.23 10475.90
10520.31 10522.23
10492.60 10520.31
10489.42 10492.60
10456.91 10489.42
10572.55 10456.91
10549.57 10572.55
10487.65 10549.57
10550.24 10487.65
10539.01 10550.24
10469.84 10539.01
10385.48 10469.84
10386.37 10385.48
10391.31 10386.37
10387.54 10391.31
10314.76 10387.54
10137.05 10314.76
10035.73 10137.05
10054.39 10035.73
10027.47 10054.39
10004.54 10027.47
10002.03 10004.54
9888.48 10002.03
9749.99 9888.48
9757.81 9749.99
9865.76 9757.81
9886.93 9865.76
9897.62 9886.93
9956.32 9897.62
9933.38 9956.32
9894.45 9933.38
10002.33 9894.45
10077.18 10002.33
10081.97 10077.18
10055.20 10081.97
10125.40 10055.20
10239.92 10125.40
10177.68 10239.92
10216.54 10177.68
10192.65 10216.54
10080.27 10192.65
10136.24 10080.27
10077.40 10136.24
9988.54 10077.40
10047.24 9988.54
10038.90 10047.24
10109.18 10038.90
10244.93 10109.18
10204.89 10244.93
10284.46 10204.89
10244.49 10284.46
10231.36 10244.49
10318.16 10231.36
10314.76 10318.16
10313.07 10314.76
10289.10 10313.07
10313.36 10289.10
10342.79 10313.36
10260.20 10342.79
10290.28 10260.20
10168.46 10290.28
10173.92 10168.46
10122.52 10173.92
10195.01 10122.52
10173.41 10195.01
10181.74 10173.41
10098.63 10181.74
10073.05 10098.63
10110.14 10073.05
10040.82 10110.14
10083.15 10040.82
9972.83 10083.15
9954.55 9972.83
9825.35 9954.55
9814.59 9825.35
9938.32 9814.59
9944.67 9938.32
9814.66 9944.67
9815.33 9814.66
9963.03 9815.33
10126.51 9963.03
10120.24 10126.51
10179.16 10120.24
10139.71 10179.16
10129.24 10139.71
10117.07 10129.24
10085.14 10117.07
9961.92 10085.14
9962.22 9961.92
10050.33 9962.22
10046.13 10050.33
10149.07 10046.13
10094.06 10149.07
10139.78 10094.06
10163.16 10139.78
10208.80 10163.16
10247.59 10208.80
10238.22 10247.59
10213.22 10238.22
10171.56 10213.22
10240.29 10171.56
10219.34 10240.29
10282.83 10219.34
10334.16 10282.83
10435.48 10334.16
10413.43 10435.48
10357.09 10413.43
10371.84 10357.09
10443.81 10371.84
10479.57 10443.81
10395.07 10479.57
10371.47 10395.07
10416.41 10371.47
10377.52 10416.41
10379.58 10377.52
10380.43 10379.58
10334.73 10380.43
10410.10 10334.73
10368.44 10410.10
10432.52 10368.44
10391.08 10432.52
10242.82 10391.08
10195.91 10242.82
10262.97 10195.91
10202.65 10262.97
10188.45 10202.65
10205.20 10188.45
10109.89 10205.20
10117.62 10109.89
9958.43 10117.62
9966.74 9958.43
9937.64 9966.74
9937.71 9937.64
9968.51 9937.71
9906.91 9968.51
10012.87 9906.91
10010.74 10012.87
10045.16 10010.74
10019.47 10045.16
9990.02 10019.47
10117.34 9990.02
10241.26 10117.34
10310.95 10241.26
10317.20 10310.95
10314.00 10317.20
10225.57 10314.00
10272.27 10225.57
10342.60 10272.27
10478.16 10342.60
10444.73 10478.16
10472.84 10444.73
10461.20 10472.84
10317.27 10461.20
10314.50 10317.27
10437.85 10314.50
10451.97 10437.85
10397.46 10451.97
10377.95 10397.46
10381.28 10377.95
10515.56 10381.28
10442.03 10515.56
10442.03 10442.03
10480.15 10442.03
10570.81 10480.15
10558.37 10570.81
10470.59 10558.37
10373.33 10470.59
10357.70 10373.33
10381.70 10357.70
10329.63 10381.70
10212.97 10329.63
10218.82 10212.97
10048.23 10218.82
10063.64 10048.23
10064.75 10063.64
10186.60 10064.75
10295.78 10186.60
