-0.2588908
-0.8650307
-0.9804138999999999
0.4504321
-1.185667
-0.6629097
0.3506557
-2.49846
-0.8656784
1.106614
-0.98799
0.2338698
0.283462
-2.619898
0.3716072
-0.4079357
-1.273747
-0.08590539
-0.1843318
-0.6849976
1.871048
-0.08816332
0.6457405000000001
0.2806405
-0.6621239
1.233039
-0.2369847
0.1980258
-1.066757
0.2843747
0.2986292
0.8637030999999999
-0.6500823999999999
-1.431818
-0.09761156999999999
-0.6030292
-0.4770341
1.384784
0.4826015
0.4923366
0.2557816
0.837977
-0.5378927999999999
1.247653
-0.2904222
0.9804869000000001
-0.6900647
0.2187408
-0.7915022
0.2585939
0.3555875
1.129457
0.47269
-0.5721808
-0.5372017
-1.19925
0.4547421
0.1215085
1.139706
0.1463058
-0.3544285
-0.249732
-0.3654372
1.447984
-0.7448226
-0.1055997
-0.1909491
0.3786049
0.2048461
-0.04386029
0.705275
0.1160968
-0.01740594
-1.155542
-0.7748893
-0.8823456
-1.221926
-0.2086452
0.5042357
0.2676895
-1.151018
0.5121922
0.4373734
0.6689389
0.3253491
0.8368498
0.6304151
0.4336749
0.2482224
0.2796064
2.351291
0.778214
-0.1325755
-0.07906478
0.1326803
0.04794743
0.9429796
0.1200397
0.2396479
-0.2452279
-1.074359
1.697397
0.05821125
0.1024803
0.5328634
1.160766
-0.2070733
-0.4592682
-0.4971786
-1.230171
0.8107327
1.269457
-0.3692817
-0.5496029
0.002755542
-1.675528
0.4445384
0.1755927
0.3807834
-1.408041
-0.8816854
-0.07098541999999999
0.8710462
0.6986854
0.1089918
0.4236586
0.1722941
-1.251693
0.7674033
0.3064325
-0.8463619
1.320869
1.158723
0.5104071
0.4454955
-0.3883395
-0.9019658
0.3015601
-1.02074
-1.757564
0.1350021
0.3647182
-0.3309961
-0.696415
0.5952147
0.1686104
-0.1770484
-1.14287
-1.901427
-3.071095
0.119535
1.045792
0.4688269
-1.308756
0.9846452
0.1621869
0.1972184
-2.281309
-1.38138
0.2072098
-2.045061
-1.663546
-3.043804
1.438827
3.137946
-0.03111485
0.8830011
-1.704817
1.200757
0.1641757
0.4015573
-1.218903
0.9132484
-0.5488131000000001
-0.1836091
0.4661434
-1.213384
-0.5727969000000001
0.2962498
0.2608547
-0.629725
-1.630402
-0.05138086
-2.185471
1.197697
-1.04351
-1.349789
1.67379
2.863366
0.08569388999999999
-1.216082
0.4134025
-0.3812946
0.6336224
-2.709597
-1.555796
-1.654817
1.534901
1.060912
-1.431561
-0.05354036
2.309449
2.18054
0.7269977
-0.7654075
0.07680492
-0.7803884
-1.776003
-0.9330917
0.7195463
-0.01973489
0.9885191
1.560941
0.8747901
-0.9485707
-1.816672
0.5214966
1.973187
1.813006
-0.5681566
0.8557107
-1.060535
0.03153878
0.6976115000000001
-1.270008
0.2280864
-0.2947097
0.4464788
0.5010962
-0.0471661
-0.4823693
1.81641
0.5817568
0.6918315
1.087978
-0.2579707
-0.4019371
0.3472226
-0.7477184
1.142208
-0.2577595
-0.7681091
-0.2450831
1.228543
0.04543734
-0.02423068
0.4925448
-0.5592095
0.2875522
-0.7767736
0.130896
0.4552774
-1.14823
-1.400479
-0.283088
-1.747263
-0.1713361
-1.088789
0.9712226
0.222307
-0.8730062
0.3960275
0.77473
3.66421
1.290536
-0.3527872
-0.8341344000000001
0.5770532
1.374478
0.3845872
-0.01190299
-0.05655856
1.498366
0.8819635
-0.2561939
1.530281
0.8347676000000001
1.920181
-0.4338159
0.7906505
2.536094
-0.8391505
0.9584564
-1.309276
1.320115
0.08937639999999999
-1.157215
-0.04656833
0.1861433
0.4393452
-1.219076
1.349689
-0.1823601
0.9219904
-0.3081916
1.981165
-0.1461037
-0.06914157999999999
-0.2557069
-0.5321508
-0.7887092
1.219462
-0.2860697
0.02409348
-0.396943
-1.494545
0.3621466
-0.3648745
0.2452117
0.6374545
1.734326
-0.2527774
-0.03464034
-1.050216
2.184424
-0.1476716
0.2187925
-1.168024
0.8753139
-1.356007
-0.1098151
1.19344
0.730845
0.2074608
1.672754
0.7274442
-0.5109716
-1.102695
-0.8495117
0.2124006
0.2616022
-0.9212543
-0.06066441
-1.424268
0.4485989
1.310184
0.06046188
0.07355646
-0.1892546
-0.7288123
0.3148859
1.244503
-1.97901
0.2710965
-1.373655
-0.8241174
0.9773824
0.05372156
-0.02954329
0.8212665
0.2235411
-0.3274981
0.6724725
1.171945
0.2223008
1.083479
0.7389418
-0.455078
-0.08249549
-0.6857939
-0.3798527
-1.100842
-0.226913
0.6529604
-1.161423
0.2598506
1.22646
-0.5666183
-0.4059474
-0.9287828
0.08794021
0.6187202000000001
-1.819228
-0.07821034
0.2532875
0.7533649
-0.8691508
1.80493
-0.1191438
-1.102835
0.2006931
1.026577
-0.4853799
-0.09842389999999999
0.3268194
0.8663322
0.5612099
-0.2225336
-0.094399
1.093221
-0.2988607
-0.3493681
-0.9077853
-0.2057885
0.6108497000000001
-0.007875152999999999
0.5810926
0.9196781000000001
0.2892191
-0.1780806
0.01549787
-0.5490535
1.433605
-0.01536138
-0.3179979
-0.5666905
0.2322162
0.411502
0.07183908
-0.1462983
-0.9678619000000001
-2.391033
0.7831764
2.898829
0.1892777
0.7231095
-0.08121622000000001
-0.2007854
0.9066796
-0.04286921
-0.2626596
-0.8329361
-0.5574607
-0.2130637
-0.01027961
-0.1363046
-1.037351
0.137725
0.5825787
-0.9728586
0.5692985
-0.07260658
0.3728449
0.1601033
0.09284573
-0.5169039
0.4627543
-0.214307
-0.1008573
-0.1527726
0.5066181
0.3448901
-0.2418132
-0.9809456
-0.8410435000000001
-0.4600731
0.3078261
-1.021832
0.9903032000000001
0.2362206
1.307446
1.167889
0.4567441
-0.2242839
0.14788
-0.6338517
-0.5630921
0.02835892
-0.7425553
-0.2261886
1.375196
0.5019217
0.3773397
-0.1298685
-0.2883501
-0.2661209
-0.4030866
0.3236249
0.9570184
-0.2110322
0.05852343
0.9166246
0.1687339
-0.06544503
-3.727171
0.6824187
-1.522275
-0.2348441
0.4033805
-1.036772
-0.2129133
0.6956088
-0.3737529
-0.353832
1.633617
-0.115431
-0.2338936
-0.7076311
0.4520887
-0.2218233
-0.09521795
-0.05293806
1.014167
0.7623858999999999
-0.002601017
-0.4483845
0.1931561
-0.2506529
1.174711
2.495473
0.6305365000000001
1.370378
0.3993596
2.113029
0.4686213
0.04075029
0.4972518
-0.3296313
-0.134074
0.1675644
-0.1172656
-0.6028528
-0.1832562
1.461489
0.07845842
-0.6102667000000001
0.1553036
-0.5986465
-0.8974729
1.321685
-0.7610259
0.1252348
-0.1180055
-0.007229351
-1.119605
0.3114509
-0.692348
0.1833047
1.049343
-0.002416364
-0.004832902
-0.6618927999999999
0.6498095
-0.002416831
0.8111828
-0.8281023
-0.2929181
-1.244131
0.2157816
1.372017
-0.5985502
0.2039578
-0.4424356
1.186742
-0.3593786
-0.2806816
-0.06059505
0.09693446
-0.8562654
-0.6913148
-0.5105135
0.1902057
0.4137427
-0.7053746
-0.0346569
0.481643
0.1354296
0.7818955
-0.1050407
0.1587399
0.3653639
-0.3385252
-0.2515909
-0.3331703
0.0833967
-1.074749
-0.1239926
0.1710695
0.1336766
-0.9270256
0.2618292
1.001074
-1.874005
-0.8983607
1.544413
0.9069174
0.4417742
1.541932
0.9388607
-0.05767013
-1.418532
0.01950173
-0.1097467
0.4358366
-0.6287949
-0.1394547
0.1614561
0.7087823
0.7086139
-0.5849101
1.056144
-0.0167916
-0.01199573
-0.225788
0.0480827
0.5847549
-0.5270861999999999
0.03842736
-0.7979888000000001
-0.7409871
0.6610791
0.8586849
-0.235645
-0.6739237
0.3435681
-0.6323998
0.1845601
1.102664
-0.3340988
0.4683849
-0.9147873
0.2632566
-0.3213145
0.05322109
-0.02902617
-0.8015394
-0.6876243
0.441015
0.1734224
0.1292604
-0.4813046
-1.495253
-0.3236974
0.6736041
-0.0669087
0.1585257
-0.0495123
-0.1784476
0.08182799
1.351588
-0.1958193
1.154674
-0.2692053
0.5014485
-1.137315
0.2733576
0.9581522
0.0941063
0.060278
0.6750370999999999
-0.1389588
0.1054347
-0.4608967
-0.4509455
0.002416889
-0.6863212
0.2794622
-0.1165501
-0.01457832
1.442623
1.121774
0.3994569
0.06838575
0.2072296
-0.171876
-0.5126702
-0.3796962
-0.4074005
0.1288322
-0.1240577
-0.267725
-0.01196874
0.5205112
0.1974663
0.1425043
-0.7504234
0.0167374
-0.818624
-1.000529
0.2164582
0.4605399
0.004836525
0.316284
-0.1954469
0.491508
0.4580069
0
-0.2155535
-0.6349839
0.4622059
0.8585386
-0.08814456
1.347005
-1.301732
0.03572747
0.002381378
0.711865
-0.1869668
-1.191512
0.07189245
0.2464381
-0.9894174999999999
0.5463508
0.04319551
0.2396359
-0.3620716
-1.407929
-0.7090147999999999
-0.0957349
-0.722185
0.8620743
-1.256171
1.180115
0.4554701
0.01710091
0.05616812
0.5186721
0.7862532
0.1204152
0.04571979
-0.1854149
-0.1930037
0.9756644
0.07888604
0.3911192
0.173605
-0.5193332000000001
0.9674083
-0.6716771
-0.6714241
0.2944523
-0.1818356
0.2415778
0.007166661
0.8515547999999999
0.1585668
-0.1041051
-0.4151303
-0.3357346
0.8502402
0.1795714
0.7150784
-0.3592523
0.5793311
0.3734919
0.2257521
0.2762593
-0.1322307
-0.2068157
0.004652245
0.4988583
0.7493953
0.3851891
-0.3071143
-0.2321066
-0.2095882
-0.2054076
-0.06239817
-0.2430304
0.9020189
1.334555
-0.1315223
-0.08853476
-0.2911276
0.1684115
-0.1410823
-0.2667793
0.1916059
-0.7112422
-0.07576715000000001
-0.2391575
0.0414336
-0.876053
-0.3907981
0.4418612
0.02088191
0.4606116
0.6697610000000001
0.2771766
-0.07093903
-0.3922158
-0.405297
0.4879967
0.1422671
0.8902949
-0.01363698
-0.4191064
0.1254605
0.0273523
0.8487513
0.006779125
1.045247
0.5263405
-0.1402353
-0.2408619
-0.5642775
0.2018934
0.3199502
-0.6903999
-2.429288
-0.1406811
-0.3236249
0.5357238
0.2346285
-0.1011448
1.386389
0.332877
0.2348373
-0.3094684
1.323749
0.3031792
-0.4282853
-0.2753374
1.909429
-0.06819857
0.4238365
-0.5735964
-0.8610534
0.3550588
-0.01329198
-0.6802445
0.795383
-0.3791285
-0.2891911
-0.02673678
-0.1538753
0.6251759
-0.6899188000000001
0.6655191
0.2658574
-0.06639813
-0.3037797
-1.998519
0.2036937
-0.2558154
0.3552482
-0.2012278
1.467096
0.1893961
-0.1247383
-0.05796714
0.1203557
-0.33021
-0.5288172
-0.3308094
-0.9444181
-0.5544858
-0.8017778
1.025768
0.002283027
0.1984241
0.295764
0.5143613
0.3587104
0.105788
-0.2838543
-0.2145512
0.1107207
0.3516844
0.09896982
-1.260155
0.07510327
0.1841056
-0.01135473
1.633121
0.6724885
-1.059769
0.4833089
0.1895524
1.01742
-0.2274108
-0.4919132
0.8052963
0.004406839
-0.3001084
-0.5384756000000001
-0.5279879
-0.6678644
0.2403172
-0.08977064
0.4212231
0.100562
-0.3221551
0.2595951
0.2477763
-1.089428
0.5708522
-0.06501149000000001
-0.6163417
0.7709549
0.2191855
0.945029
-0.2570525
-0.03550742
-0.3357237
-0.7107287
-0.9940686
0.3166492
1.303484
-0.1182046
0.1939605
-0.1984238
0.443124
-0.1912599
-0.7754489
0.06279576000000001
0.2865652
-0.02906684
-0.5988646
0.5809731
0.444103
-0.189451
-0.2345243
0.6797214
-0.4697405
0.4497492
-0.1956817
-0.162618
-0.09144948
0.122657
0.4536365
-0.2821691
0.224467
-0.3335486
0.2624849
0.4963889
0.1656525
0.6401465
0.08548227
-0.05917225
-0.2040839
0.9923579
0.07826938
0.1975749
-0.1085093
0.2948703
0.3587409
-0.08848507999999999
-0.4002385
0.008670771000000001
-0.6131387
-0.4086678
0.1859652
0.9181762
0.0736106
-0.4685678
0.3689641
-0.4712125
-0.130682
-0.8272467999999999
-0.4625559
0.7149566000000001
0.3370027
-0.024034
0.90709
-0.05848397
-0.3081466
-0.2567898
0.5107541
0.01300644
-0.03035099
-0.09978958
-0.3391603
0.2457885
0.123753
0.05206074
0.08020724
1.150478
0.5703133
-0.2238926
-0.4793196
-0.0300339
-0.1524538
-0.4501262
0.2005456
0.02154012
0.0667449
0.6692862000000001
0.02137757
0.2710983
-0.140794
-1.163778
-1.201522
0.4536243
0.1391637
0.02607165
0.7337298
-0.2331708
0.592655
-0.353015
0.6426744
-0.4143638
-0.2563469
-0.2202501
-0.7529355
0.4129722
0.2880692
0.1512827
-0.2508218
-0.02381751
0.02165252
0.2637839
0.3836212
0.3307137
0.07072515
-0.1007449
-0.453535
-0.05387293
0.3807971
-0.5685015
-0.2638125
0.3242615
0.6539627
-0.1137059
-0.1181335
0.4331889
0.01283834
0.673834
0.0849726
-0.07647209000000001
-0.4131093
-0.468405
-0.2167639
0.3110489
0.1412611
-0.09201109
0.5933722
1.136316
-0.2401518
0.008436149
-0.3591654
0.515106
-0.3395875
0.2005172
0.01054241
0.1432665
-0.05475413
-0.5809732
-0.2227196
0.4829904
0.8103175
0.3452789
0.6060562
-0.4140534
0.494999
-0.2679936
-2.293582
0.4142024
-0.1506136
0.3644767
-0.8155509
0.2662097
0.01063366
0.4858137
0.05712412
-0.5195478
-0.5650153999999999
0.802858
-0.163456
-1.375496
0.3891097
0.2293161
-0.579662
0.07963412
-0.3880068
0.3729457
0.465841
-0.2208429
0.2529639
-0.6788717
0.5460383
0.2034632
-0.08133562
0.5147219
0.3147867
0.03397172
-0.5363998
0.05547614
-0.05547614
-0.8982899
-0.8152013
-0.1260075
-1.648293
-1.543409
0.04936499
-1.548596
2.112318
-0.05355111
0.6296395
-0.8418945
0.6176369
-0.5125702
-0.2931208
0.02688654
-0.04481492
-0.8372393
0.0180791
-0.1311476
1.520199
-0.2454372
1.128475
-0.1857216
-0.6148948
0.4022183
0.4668512
0.002207384
-0.289583
-0.07529621
-0.7918191
-1.235776
0.8307771
-1.0186
0.5105971
0.08784873
0.07877294999999999
1.091904
0.9567544
0.6130742
-0.3423308
-0.378805
0.354622
0.3358396
0.1576528
0.05905577
-0.1816531
0.2472297
0.004370247
0.5404358
-0.272032
-0.1461144
-0.2512921
0.1748787
0.1767537
0.09370539999999999
0.7097385
-0.3813738
0.2861666
-0.756213
-0.6499427
-0.9130872
0.3869846
-0.7665759
-1.530682
1.013367
-0.2775976
0.3491108
-0.7534513
0.4334796
0.03809225
-0.05378151
0.5030698
0.2605995
-0.331993
-0.0245533
0.1739752
1.037542
0.1652765
0.233126
-0.2992038
-0.4991948
0.2233995
0.1104094
0.2512786
-0.1961195
-0.1744065
0.3683245
0.8811016
0.5983026
-0.09765944
0.1930565
-0.663154
-0.2861857
0.1748673
0.006551577
0.5183954
-0.3089713
0.6646275
-0.1538179
0.8162077
0.03440194
-0.4308773
0.1100502
-0.2937367
0.4725795
0.9683646
-0.2027511
1.214607
0.1665982
0.3113629
-0.1219051
-0.4891119
-0.461787
0.1845469
-0.1845469
0.4554465
-1.053849
-0.4216661
0.2784562
0.2755499
1.273849
-0.7653314
-0.07218376999999999
-1.603528
-0.4108913
-0.04118214
-0.3474714
0.249867
0.2665599
0.602015
-0.5609024
0.1016271
-0.2098546
-1.560605
-0.2356544
-0.2561047
0.6038852
0.8620177
1.459754
-0.0687241
0.4971829
0.2796488
-0.02984884
-0.2775941
0.5586726
-0.7320255
-0.4207188
-0.8771607
0.1517846
0.2358926
0.6957711
1.685828
-0.3001736
-0.8354907
-0.4085873
0.2996513
-1.21052
0.1707462
0.5556048
-0.05370281
-0.2215603
-0.4359468
0.7949287
-0.2169548
0.1267931
-0.4412452
-0.4540352
-0.6893055
-1.807643
-0.03555477
0.5231552
0.4125992
0.2221417
-0.325683
-1.056945
0.970946
0.004411992
-0.04633563
-0.4157734
-1.289218
0.3384098
0.5600006
0.151175
1.065062
0.08129098999999999
0.7569993
-0.1941727
-0.1770473
0.5476118
0.01522914
0.03262607
0.5724834
-0.3487381
0.06724293000000001
-0.4128466
-0.03484396
0.3478945
-0.08034309000000001
0.07383119
0.03255526
0.1842799
-0.004332099
-0.004332286
0.9335888
0.7291421
0.1426397
-0.0723589
-0.5893297
-0.465801
0.2235118
0.008586639
0.3385838
0.1880825
0.4410315
-0.4004692
0.4068467
-0.00425161
0.5067919
1.231833
0.5188647
-0.06861064
0.07900208
-0.2080344
0.2641295
0.03945551
0.1866833
0.4115445
0.1402409
-0.6720525000000001
0.1554904
0.4856435
0.3786091
0.2461489
-0.8848523
0.7372356
-0.3576424
-0.1071304
0.05975993
0.04325215
-0.7253971
0.2113421
0.004139501
1.317959
0.09799719
0.5778599
-0.2051241
0.7150918000000001
0.02220137
0.1250429
-0.2158978
0.1211216
0.05647325
1.00711
0.4441486
0.139013
-0.1549125
-0.179044
-0.301118
0.2274179
0.6732294
0.06529417
0.1008254
0.0671605
0.1164363
-0.2923343
0.3238869
0.4053528
-0.6106228
-0.1502719
-0.08908334
0.0732521
0.6313028000000001
0.8615848
-0.1541479
0.1092939
0.1734538
0.225624
-0.08746611
0.1166045
1.085644
0.01152716
-0.08071801000000001
0.7355791
-0.07637086
0.1526834
0.001907069
0.2247791
0.4158405
0.08523293
-0.21227
-1.431257
-0.07508881000000001
0.8553617
0.9389562
0.003783579
-0.003783579
-0.9389562
-0.0133686
1.858178
0.01687147
-0.183865
0.5785937
-0.009335761
-0.4528959
-0.1464129
-0.8318527
0.5553366
0.9691433
0.07832022
0.1210891
0.5032742
0.9935108
-0.04402862
-0.1836615
1.294936
-0.2470976
-1.020268
-0.3129144
0.4231214
-0.1580011
0.1616726
0.4286349
0.03106867
1.222263
0.4286905
0.1472754
-0.4334656
1.095317
0.01960977
-0.198057
0.5041833
-0.7599173
-1.348448
0.4635506
0.01445139
0.5422215
0.7998396
0.09085161
0.6407377
-0.4059749
-0.1546681
-0.4314886
-0.1502092
-0.008948146000000001
0.03399869
0.1948221
0.06426162000000001
-0.1214177
-0.4045979
-0.4206521
0.8306098
-0.2092444
0.2503264
-0.1662184
0.03040465
-0.1968998
0.2523198
-0.4262718
0.0574197
0.4724587
-0.1876425
0.1697869
0.1641509
0.1710011
0.3482219
0.9408636
0.1755403
0.02104414
0.4182093
0.2145493
0.4520096
0.3912476
0.8327789
-0.04456023
-0.09947519
0.2450793
0.438953
-0.6445734
-0.2180764
0.01375114
-0.06877461
-0.06365865
0.8278321
-0.2495131
-0.4613559
0.1065237
-0.149509
0.1992957
-0.02403186
-0.7098216000000001
-0.1470728
0.3353562
0.6262063
0.2398083
-0.2518138
0.641132
0.1124151
0.5449512
-0.5415467
-0.4093753
0.2526461
-0.6963185
-0.9920802
0.5153848
0.6105183
-0.3004939
0.4666652
0.9370224
0.1440324
-0.3579217
-0.3643239
0.9150933999999999
0.2616101
-0.09106394
-0.07088488
-0.5094841
0.7893555
0.5674488
0.455985
-0.538049
0.566375
-0.3070149
0.2620227
0.2247585
0.8495046000000001
0.1960317
-0.374276
0.2656
1.097778
0.6496904
0.4039234
-0.6486859
0.212378
0.3298305
-0.1195187
0.4691779
-0.770222
-0.09405964999999999
-1.558303
0.840217
-0.9836926
0.7480942
0.2388666
0.3832828
0.03743398
-0.06673991999999999
0.2942972
0.7762884
0.09500423
-0.5843344
-0.1604005
0.283362
-1.467561
-1.81638
0.7009860999999999
-0.1461187
-0.3312171
1.426869
-0.3407944
0.307918
0.5884925
0.2562786
-0.09949519
1.163266
-0.4737315
0.7411328
0.4173897
0.9455016000000001
0.9272123
0.3829017
-0.4112067
0.8753099
0.761015
0.5554456
0.9402826
0.04571638
0.7709741
-0.1422131
-0.7491924
-0.6519267
-0.5141241
-1.137655
1.156172
1.646606
0.03338544
-1.316512
-0.4962636
-0.3854524
-0.6722819
0.613327
0.9944646
0.7622875
-0.5796054
0.2527478
-3.131204
1.023943
-0.4588493
0.2289048
0.3626647
0.08734306
1.734094
-0.1472009
-0.2627396
-0.1216161
0.2200322
-0.0891855
0.4497287
-0.6237154
0.00462303
-0.5315052
1.266921
0.2337681
0.09457419
-0.003049385
-1.787602
-0.3187117
-1.362421
-0.3668916
0.872321
0.9036960000000001
0.3899064
-0.5269674
0.311231
0.2265885
0.4362091
0.5679254
-0.2166315
0.4144161
0.0903294
0.1070648
0.001528666
0.06265521
-1.725828
-0.2723716
-0.1278812
-0.3987277
1.014794
0.1038591
1.025033
1.434251
0.6163789
-0.02704693
-0.08569689
0.6088071
0.6318665
-0.05795336
0.8377911
-0.3573489
0.3706142
-0.9298674
-0.6417166
0.5628435000000001
-0.3848396
-0.2154399
0.728231
0.8704718
-0.800614
0.04159425
-0.170944
-0.1771981
-0.2880578
-0.1675443
-0.3103986
-0.1036807
-0.4671427
-0.01510551
0.02114708
0.7133535
0.3009683
-0.05533414
-0.6137152
0.6241862
0.3106381
0.7797976
-0.3364237
-0.1797907
-2.24999
-0.7481065
0.3381043
0.1998765
-1.596371
0.08050408000000001
-2.569127
-0.2273144
0.9030193
1.48559
-0.7533433
-0.7795717
-1.094693
-0.03510116
0.7187069
0.7466078
-0.7878096999999999
0.6871142
0.7355684
1.561308
1.900233
-0.3417204
0.325115
0.2683675
-0.2366687
-0.07397958
0.5527664
-0.8401446
0.2798262
0.03473455
0.4414353
0.2057382
-0.1336066
-0.09317984
0.8399825
-0.5457101
-0.4733612
0.3788681
-0.2388805
-1.120862
-0.8263437
0.4178439
0.1358437
-0.9455647
0.9562412
1.224777
0.007532559
0.5213784
0.5782910999999999
1.389394
0.5042077
-0.1521669
-0.2154778
0.224263
0.58831
-0.08008679
-0.1268139
0.03208307
0.004374166
0.0481032
0.1659969
0.2542848
0.7128995
-0.1773881
1.245139
0.2676539
-0.3846213
-0.5581889
-0.3061777
0.8672211
0.4101986
-0.1379693
0.2615533
0.3655949
0.5402712
-0.1365553
-0.4631403
0.09902111
-0.7066064
-0.1952666
-0.5235389
0.6062531
-0.08556759999999999
0.6215484999999999
-0.212911
0.4197099
1.043032
1.452696
0.4214186
0.4347028
0.1435711
-0.316129
0.214967
0.6475779
0.2361725
-0.0813758
0.6949824
0.2408975
-0.1614314
0.8018923999999999
1.102444
-0.1414418
-0.1270715
0.2671924
-0.06078305
-1.10046
-0.4258802
-0.09667804000000001
-0.6442158
1.364366
-0.296534
-0.9151629
-1.555102
-0.09053870999999999
-1.056839
0.6993712
0.7546791
1.925193
0.4161571
-0.2607319
0.5487513000000001
0.6357655
0.1282552
-0.3892395
-1.754372
-0.5048226
1.484162
-0.05081301
0.7435672
-0.641967
0.8568098
0.6141268
0.001316647
1.223541
-0.2161375
0.3318263
0.8305782
0.06826071
0.7720858
0.4474337
-1.108856
-0.90952
-0.7163634
0
0.9730031
1.499382
0.25345
0.07247805
0.3210683
-1.400944
0.2399852
1.198962
-0.5244490000000001
0.5282485
1.655442
1.121039
-0.4122699
0.9613742
-0.4666078
-1.199799
-0.1283833
1.055808
0.2157418
-0.7850644
-1.325648
-0.5359779
0.5661594
-0.5497221
1.386138
-0.4286033
0.7994904
1.072529
-0.2843096
-0.8764602
-1.844677
0.4561746
0.3197223
-0.7632325
-0.4938344
-0.3978531
0.1850966
0.862233
-0.2303857
0.181062
-2.124883
-2.189506
0.3322875
-1.262477
0.02799198
1.005167
0.5565694
0.5221671
-0.723122
-0.2975762
-2.766238
0.8208607999999999
1.466875
1.16056
-0.2307744
0.5981263
-0.7820779
1.855452
-0.1253028
-0.318484
-0.7562432
0.9867924
2.691913
0.9138895
-0.3512789
1.792167
2.108083
-0.305178
-1.47747
0.5672803
0.5495321
1.549561
-0.5422598
0.3486766
0.6961027
-1.451304
0.4233269
1.001841
-0.2748349
-0.4405951
1.351428
0.3159002
-0.2946517
-0.3701321
0.4963493
-0.2265969
-0.1040288
-0.6371678
0.3944075
1.713884
0.5694644
0.2731199
0.495724
1.584718
1.104287
0.07050252999999999
0.05815514
-0.6010739
0.9994208
0.07903423
-2.259678
1.996731
-0.8233818000000001
-0.5990981
0.4088138
-0.2437319
0.6632272
1.448445
1.415768
-0.5160963
0.7154786
-1.227641
0.6852200000000001
0.3168605
0.1852801
0.8003773
1.16306
-0.5331348
-1.766239
-0.2581719
2.278486
0.2758563
0.3985385
-0.1607161
-0.2495682
0.6216953
1.055653
0.2118956
-0.7541649
0.3330807
0.2175891
0.8312948
-0.955273
-1.873002
0.3699471
-1.123686
-0.487951
0.2978143
-2.62507
1.288277
1.470791
1.430311
-1.534036
-0.1633678
-0.3666544
-0.7789782
0.07445038
-1.103804
-0.4658549
3.077334
0.03018152
0.3238773
-0.1957074
0.2311518
0.2595426
-1.575074
-0.7032055
1.232795
-0.4491026
2.773831
-0.2795664
0.4538994
0.3393406
0.5162818
-0.3669998
-0.7856991
-0.6980516
0.7763709
0.8553903
-0.6376887999999999
0.8545848
0.5271768999999999
0.4746853
0.790624
1.066576
-0.9484169
-0.3311977
-0.375723
0.1157575
0.2249302
-0.4710753
-1.090085
-1.167744
1.205424
1.729395
-0.3905671
-1.855012
-0.9565001
-7.112745
4.988693
-0.2922311
-1.698489
1.203336
2.629615
0.188323
0.2123684
-0.5029812
-1.127836
-0.6902399
0.2872771
-1.947879
1.174147
1.267219
1.904515
-0.8458842
0.6755849
1.511925
0.4276646
-1.71963
0.4374207
0.08620418000000001
0.3943289
2.007144
-0.3175014
0.5224678
-0.3764358
1.092561
-0.144444
-0.6730868
-0.6157598
-1.543104
-0.1624457
1.043426
0.4815094
-0.2585878
-1.06621
-0.8958674
0.7282403
-1.539524
-0.6870309
0.4023203
1.787529
1.817958
-0.04224039
0.4739224
0.2079802
-1.079423
-0.2672774
-0.8281082
-3.011259
1.234147
1.365198
0.6094068
-0.7555035
1.127485
1.761801
-0.7992204000000001
-0.8035827
-0.5675236
-0.06685679
1.253411
0.8672119
0.8181609
-0.5300734
2.118623
0.4712877
0.08942323000000001
-0.3342555
0.8849264
-0.1700277
0.8148832
0.09808633999999999
0.4040805
-0.3962377
0.2613997
0.9071328
-0.368868
0.5750347
0.37928
-0.7328306999999999
1.190295
0.55174
0.06387005
-0.156411
0.411484
-0.4468057
-1.179433
1.974485
-0.3206834
1.128258
0.3957393
0.1356161
-0.1225141
0.9926148
0.1092734
0.4681514
0.3880001
0.8607116
-0.3289731
0.9176877
-0.3370209
-0.1026
-0.4881079
-0.1681103
0.7424818
0.5792133
1.064566
0.2398885
-0.1176429
-1.060554
-0.7145472
0.8154381000000001
-0.08827398
0.5446126999999999
0.3194534
-1.001135
1.304431
0.08280026
0.2684064
0.3429015
-0.974178
-1.048728
-1.9468
-0.1316971
0.8725907000000001
1.552808
0.8285794
0.09540497000000001
-0.5872459
-0.9529801
-0.8890725
1.180073
-0.1354537
0.8234277
0.2747636
-0.13326
-0.7762493
-0.2628075
0.3340348
0.8561558
-0.3957564
-0.3748134
-1.492436
-0.1637508
0.49045
-0.6196271
0.01466679
0.2051095
-0.964184
1.111347
1.723236
0.1668476
0.2408097
-0.5496071
-1.604123
0.388435
-2.006639
0.9775556
1.778878
-0.06686304
-0.5183472
0.2323198
1.464911
1.188984
-0.3182801
0.3465227
0.4657334
-0.4092721
1.289888
-0.1864941
0.9471585
-0.23097
1.009901
-0.6727081
0.496796
0.07383496000000001
1.057732
-0.2355053
0.7783658
0.2328388
-0.2235486
-1.620182
-0.08500956
-2.112214
0.09208305999999999
0.5655436
-1.495521
-0.4460315
1.564295
-1.968592
-0.737092
-3.69178
0.8646243
0.755395
-0.01652073
-0.5808752
-1.315931
1.415591
-0.8623897
-1.137705
1.949354
1.604707
-0.2855508
-0.5900477
-0.9535979
0.6361286
0.4319146
-0.7955797999999999
-3.912516
-1.492976
-7.043759
3.790281
-0.3809068
-0.8333635
-0.8557678
4.964596
-1.700818
-2.618971
2.902805
2.026772
0.7700531
0.7488658
-2.578194
0.1196689
0.371824
0.5590415
3.479824
-2.216507
0.1944939
0.3764144
0.03146288
-3.098945
-3.057041
1.630009
-1.410257
-0.4024028
-1.422845
-1.164708
2.567238
1.344049
-0.2920941
1.072833
4.088206
0.8489007
0.5635254
0.1448512
0.561428
0.7968763
-0.7268022
0.1539905
-0.6530529
0.257801
1.656476
1.166359
1.170006
-0.0683933
0.7023994
1.347844
0.6294914
-0.9519227
-0.1717985
-0.6482241
-0.2930326
0.7158776
0.8976046
0.3032716
0.4518792
0.7078551
0.9446741
2.09723
-0.4402841
0.3274458
0.4589786
-2.436495
0.9961988000000001
-0.3434863
-1.818788
2.286423
0.9270761
-0.5335417
0.1784454
-1.572945
0.1235267
-2.189318
1.877635
-0.07656672
1.540647
0.6798984
1.238895
0.06067129
2.053433
-0.1849431
-0.06362776000000001
1.322923
-0.7987947
-0.2194088
-0.09196975
1.349055
2.189892
-0.2053445
0.4212485
-0.883041
-1.947021
-0.4131118
-1.815638
2.530832
0.7005311
0.3683304
-1.722506
-0.8104582
0.7148784
1.474513
-0.7325277
1.77
1.121422
-0.5202469
-0.8686479
0.7955655
-1.871067
-0.730743
0.3519698
-2.246518
0.6074561000000001
2.461387
-1.925048
0.9498453
-1.446961
1.076673
0.1566728
2.621837
-0.07549188
-1.407777
-0.6716243
-0.5387896
-0.1753897
-0.8660877
0.1793576
1.530943
2.286281
0.5675881
-0.2255549
0.5454531
0.8388454
-0.2384012
0.9739301
-0.06733904
-0.657402
1.432874
-1.319672
-0.1756346
-2.725292
0.5097353999999999
1.672842
-0.5589278
2.111171
-0.7215878999999999
-1.111672
0.5697491
2.095807
-0.2447889
0.6805885
1.27975
0.3246262
0.7595216
-0.6505589000000001
-1.596593
-0.4216821
-0.2914626
-2.263484
1.286015
2.26707
1.684678
-0.1450839
0.2348274
0.2027296
-0.8762967
-0.5999112
-0.5713213
1.446224
-1.684678
1.142844
-1.13909
0.9674904
-0.3500544
1.135807
0.6170021999999999
0.2606571
-2.200166
0.1262471
-0.4616872
0.8149286
-0.402526
-0.6399135
-1.793035
-1.717493
1.572743
-1.805808
1.581761
-0.5839545
0.0424863
0.3646389
2.147542
0.5085896
-1.296472
0.09939416
-1.206976
-0.7071196
0.02782458
0.5517978
2.223099
0.7107819
0.219179
0.4576803
-0.9773327000000001
-0.2113199
-1.304741
-0.03572664
1.212109
1.498463
1.56088
0.5992021
0.7402151
-0.2230746
0.5560399
-0.1032155
0.6333795
-0.2983181
-0.3967549
0.3302615
0.8155926
0.6477183
-0.78757
-2.194181
0.1589035
-1.337119
-0.2965516
-0.678821
1.11268
0.1876668
-1.800945
-0.9221903
-0.05043719
-0.4429811
-1.282601
0.6399313
-1.026788
-0.1916793
-1.269388
1.587114
-0.2899902
2.248518
0.2324664
1.001156
-0.8457279
-0.6964262
0.9788816
1.750989
0.2408472
1.332484
-1.441821
-1.013926
-1.814973
-0.2730269
0.8040836
-0.9025863
2.849596
-0.5015356
-0.4676027
0.2607912
0.2963712
-0.5586503
-0.5849846
-1.380444
0.03868839
1.276629
0.008236769999999999
-2.115012
0.2238274
-2.323604
-0.2384891
0.464723
-0.08653251000000001
-1.084474
1.124242
0.007795691
1.68435
-0.2494293
1.831211
-0.5872043
1.385279
-0.06064622
-1.674352
-2.115842
-0.1658253
-2.845899
0.5372703
0.5716687
2.204147
-0.4523839
1.395627
-0.618047
-0.9101067
1.147913
3.465857
1.514794
-0.6484997
-0.4722681
0.5320677
0.5674202
0.5554614
0.4935873
-0.8554946
0.5973568
0.5807807
1.051307
-0.119694
1.824912
-0.6613042
1.003658
-0.2065376
-0.07457069
-1.153758
0.8817374
-0.03246639
-0.6224241
-1.341505
0.6207878999999999
0.8066284
1.707086
-0.6980281
-0.9998318
-0.3761047
0.3008548
0.6321809
-0.1285193
-0.8551033
0.7214659
0.3848725
0.1584613
-0.2071065
1.075928
0.1784333
1.54443
-0.08506435
0.03842512
0.3971085
0.06899072000000001
0.3258664
-0.9594975
-3.909923
0.192038
0.09552461
2.672994
1.112782
-1.314863
-0.4395979
1.209621
1.061478
-0.685551
0.05221502
-0.7120559
-0.2916595
-2.802262
0.6046484
-0.4221575
-0.394627
-2.78408
2.49049
1.057169
-0.01135396
1.118536
-0.04211502
-0.009127259
1.219851
-2.103511
0.3620246
-2.119233
0.2030925
0.8674871
-1.030937
0.04250828
-3.084707
0.4506616
0.6281215
-0.5349813
-1.494004
1.095703
1.353508
0.9302189
0.1861679
1.964283
-1.277669
-2.596527
0.8140161
2.527958
-0.4734058
-0.824134
-1.784375
2.398263
4.654581
0.4105461
-0.5367854
2.524452
0.4521616
1.764252
0.007201757
-0.2359636
-1.064138
0.05238293
-1.374987
0.7138822
0.4919216
-0.749162
-0.4936129
0.9348583
0.9948089
-0.7872101
-0.2575666
-2.252299
-1.833816
-6.004513
3.25482
2.826027
-0.9856897999999999
0.4940594
-0.3267703
3.273432
-1.119657
0.2686345
-0.8562618
1.08332
-1.506956
-2.180146
-0.3915507
1.622722
-0.5922728
-0.8482904
-2.081508
1.77441
0.9297394
2.185712
0.9375069
-1.251973
-0.7341429
-2.127949
-0.4437851
-1.936209
1.816914
-1.260909
-0.2536656
3.173305
-0.1301419
1.966321
1.944649
-0.6540165999999999
-0.6692967
0.9231255
-0.6607525
-0.3234408
-0.7544086
1.608025
0.07483044
0.5553931
-0.9697036999999999
1.460137
-0.6786096
0.2152227
-1.83882
-0.7395512
0.9548573
-0.3276141
0.2939387
-0.8580722
0.8429489
1.021848
-1.598926
0.7192838
1.514556
-0.2220328
0.3558265
0.8097428
0.1953988
0.9408484
0.03376958
-1.115106
-0.7917506
0.9141869
-1.033695
-1.079997
0.692812
-1.506747
-0.1929678
-2.072205
0.7675292
0.5068102
0.04171302
0.9587589
0.7113757000000001
1.114125
0.234967
-0.6719314
-0.8605224
0.7905664999999999
1.330923
-0.4791692
-0.3090129
1.090094
-0.2911853
0.5188565000000001
-0.09007176
0.5219545
0.155261
-0.1233929
0.5058709
-0.2810913
-0.4813399
0.9992567
0.2033932
-0.9042782
-0.9888956
0.6851995
-0.534534
-0.351235
-0.4893573
0.1968385
-0.2724411
-1.022176
-1.463783
1.059778
-0.5880673
-0.1579098
-0.02277613
-0.6711132
-0.8247786
-0.04485279
2.199155
-1.504796
-0.01949358
-0.6825774
0.5495019
0.1365568
-1.91833
-0.4951949
-1.076363
-1.630354
-2.58405
3.28364
0.03274168
-1.809496
-0.5824466
3.415336
0.5865709
-0.08235728
0.1682231
-2.405446
-0.03370778
1.103502
1.373553
2.174014
-0.5739118
0.4983271
-0.1141853
0.3847665
-0.0223459
-1.590235
-0.6506704
-2.470011
-1.083463
2.318141
0.4948148
-1.266431
-0.3357618
-1.852219
0.3516771
-1.872168
1.457162
0.53517
-0.95939
0.4361438
-2.031023
0.02129132
0.7378262
3.818329
-1.838761
-0.5870125
1.941508
0.7497972000000001
-0.6556733
-0.8194336
-1.411394
-2.169639
0.803833
-1.304264
-3.179614
0.7969801
2.409438
0.7050397
1.038544
0.3980269
-1.050302
-2.843233


